4001.63495,0.30246
3999.70645,0.30281
3997.77795,0.30317
3995.84945,0.30353
3993.92095,0.30393
3991.99245,0.30435
3990.06396,0.3048
3988.13546,0.30519
3986.20696,0.30547
3984.27846,0.30574
3982.34996,0.30617
3980.42146,0.30667
3978.49296,0.30705
3976.56446,0.30732
3974.63597,0.30761
3972.70747,0.30796
3970.77897,0.30831
3968.85047,0.30858
3966.92197,0.30881
3964.99347,0.30905
3963.06497,0.3093
3961.13647,0.30957
3959.20798,0.30988
3957.27948,0.31019
3955.35098,0.31044
3953.42248,0.31065
3951.49398,0.31082
3949.56548,0.311
3947.63698,0.31121
3945.70848,0.31138
3943.77998,0.31151
3941.85149,0.31179
3939.92299,0.31217
3937.99449,0.31243
3936.06599,0.31252
3934.13749,0.31262
3932.20899,0.31291
3930.28049,0.31337
3928.35199,0.31372
3926.4235,0.31388
3924.495,0.31404
3922.5665,0.31428
3920.638,0.31443
3918.7095,0.31458
3916.781,0.31495
3914.8525,0.31543
3912.924,0.31579
3910.99551,0.31606
3909.06701,0.31631
3907.13851,0.31644
3905.21001,0.31651
3903.28151,0.31683
3901.35301,0.31748
3899.42451,0.31827
3897.49601,0.31904
3895.56752,0.31953
3893.63902,0.31967
3891.71052,0.31993
3889.78202,0.32049
3887.85352,0.32071
3885.92502,0.32072
3883.99652,0.32127
3882.06802,0.32201
3880.13953,0.32269
3878.21103,0.32339
3876.28253,0.3238
3874.35403,0.32404
3872.42553,0.3243
3870.49703,0.32468
3868.56853,0.32539
3866.64003,0.32599
3864.71154,0.32647
3862.78304,0.32722
3860.85454,0.32801
3858.92604,0.32846
3856.99754,0.32842
3855.06904,0.328
3853.14054,0.32858
3851.21204,0.33033
3849.28355,0.33131
3847.35505,0.33165
3845.42655,0.33191
3843.49805,0.33243
3841.56955,0.33297
3839.64105,0.33321
3837.71255,0.33344
3835.78405,0.33421
3833.85556,0.33539
3831.92706,0.33656
3829.99856,0.33748
3828.07006,0.33811
3826.14156,0.33872
3824.21306,0.33915
3822.28456,0.3393
3820.35606,0.33988
3818.42756,0.34081
3816.49907,0.34177
3814.57057,0.34312
3812.64207,0.34438
3810.71357,0.34516
3808.78507,0.34569
3806.85657,0.34653
3804.92807,0.34756
3802.99957,0.34841
3801.07108,0.34973
3799.14258,0.35143
3797.21408,0.35284
3795.28558,0.35434
3793.35708,0.35583
3791.42858,0.35709
3789.50008,0.35848
3787.57158,0.36006
3785.64309,0.36178
3783.71459,0.36349
3781.78609,0.36491
3779.85759,0.36639
3777.92909,0.36851
3776.00059,0.37091
3774.07209,0.37295
3772.14359,0.37477
3770.2151,0.37691
3768.2866,0.37953
3766.3581,0.38227
3764.4296,0.38503
3762.5011,0.38765
3760.5726,0.39031
3758.6441,0.39367
3756.7156,0.39719
3754.78711,0.40022
3752.85861,0.40326
3750.93011,0.40776
3749.00161,0.41329
3747.07311,0.41751
3745.14461,0.42254
3743.21611,0.42978
3741.28761,0.43575
3739.35912,0.44034
3737.43062,0.44594
3735.50212,0.4548
3733.57362,0.46662
3731.64512,0.47911
3729.71662,0.49102
3727.78812,0.50394
3725.85962,0.52058
3723.93113,0.541
3722.00263,0.56486
3720.07413,0.59249
3718.14563,0.6232
3716.21713,0.65528
3714.28863,0.68838
3712.36013,0.72866
3710.43163,0.77757
3708.50313,0.82245
3706.57464,0.85969
3704.64614,0.89354
3702.71764,0.92841
3700.78914,0.96231
3698.86064,0.98682
3696.93214,0.9987
3695.00364,1.00068
3693.07514,0.99527
3691.14665,0.98483
3689.21815,0.9735
3687.28965,0.96704
3685.36115,0.96729
3683.43265,0.97147
3681.50415,0.97953
3679.57565,0.99074
3677.64715,1.00461
3675.71866,1.02636
3673.79016,1.05158
3671.86166,1.07112
3669.93316,1.09037
3668.00466,1.1086
3666.07616,1.12107
3664.14766,1.13221
3662.21916,1.14504
3660.29067,1.15913
3658.36217,1.17486
3656.43367,1.19271
3654.50517,1.20905
3652.57667,1.21923
3650.64817,1.22611
3648.71967,1.23418
3646.79117,1.2423
3644.86268,1.24939
3642.93418,1.25582
3641.00568,1.26289
3639.07718,1.2706
3637.14868,1.27859
3635.22018,1.28679
3633.29168,1.29439
3631.36318,1.30113
3629.43469,1.3085
3627.50619,1.31839
3625.57769,1.32673
3623.64919,1.33276
3621.72069,1.33423
3619.79219,1.32315
3617.86369,1.30014
3615.93519,1.27831
3614.0067,1.2624
3612.0782,1.25045
3610.1497,1.24133
3608.2212,1.23314
3606.2927,1.22543
3604.3642,1.21939
3602.4357,1.21374
3600.5072,1.20775
3598.57871,1.20153
3596.65021,1.19484
3594.72171,1.1874
3592.79321,1.17996
3590.86471,1.17346
3588.93621,1.16663
3587.00771,1.15954
3585.07921,1.154
3583.15071,1.14983
3581.22222,1.14592
3579.29372,1.14212
3577.36522,1.13868
3575.43672,1.13526
3573.50822,1.13195
3571.57972,1.12886
3569.65122,1.12603
3567.72272,1.12338
3565.79423,1.12093
3563.86573,1.11882
3561.93723,1.1168
3560.00873,1.11522
3558.08023,1.11408
3556.15173,1.11303
3554.22323,1.1117
3552.29473,1.10994
3550.36624,1.10838
3548.43774,1.1071
3546.50924,1.10584
3544.58074,1.10495
3542.65224,1.10496
3540.72374,1.10543
3538.79524,1.10554
3536.86674,1.10548
3534.93825,1.10587
3533.00975,1.10651
3531.08125,1.10688
3529.15275,1.10725
3527.22425,1.10765
3525.29575,1.10777
3523.36725,1.10819
3521.43875,1.10942
3519.51026,1.11081
3517.58176,1.11172
3515.65326,1.1124
3513.72476,1.11329
3511.79626,1.11454
3509.86776,1.11601
3507.93926,1.11735
3506.01076,1.11843
3504.08227,1.11923
3502.15377,1.12022
3500.22527,1.12174
3498.29677,1.12333
3496.36827,1.12483
3494.43977,1.12645
3492.51127,1.12805
3490.58277,1.12956
3488.65428,1.13111
3486.72578,1.13271
3484.79728,1.13434
3482.86878,1.13582
3480.94028,1.13697
3479.01178,1.13825
3477.08328,1.13993
3475.15478,1.14163
3473.22629,1.14315
3471.29779,1.14423
3469.36929,1.14488
3467.44079,1.14585
3465.51229,1.14759
3463.58379,1.14966
3461.65529,1.15141
3459.72679,1.15303
3457.79829,1.15485
3455.8698,1.15662
3453.9413,1.15816
3452.0128,1.15955
3450.0843,1.16082
3448.1558,1.16177
3446.2273,1.16242
3444.2988,1.16312
3442.3703,1.16406
3440.44181,1.16489
3438.51331,1.16521
3436.58481,1.16549
3434.65631,1.1663
3432.72781,1.1671
3430.79931,1.16751
3428.87081,1.16821
3426.94231,1.16963
3425.01382,1.17103
3423.08532,1.1716
3421.15682,1.17166
3419.22832,1.17213
3417.29982,1.17284
3415.37132,1.17294
3413.44282,1.17259
3411.51432,1.17244
3409.58583,1.17254
3407.65733,1.17284
3405.72883,1.17313
3403.80033,1.17267
3401.87183,1.17166
3399.94333,1.17124
3398.01483,1.17159
3396.08633,1.17173
3394.15784,1.171
3392.22934,1.17014
3390.30084,1.17007
3388.37234,1.17049
3386.44384,1.17056
3384.51534,1.17009
3382.58684,1.16929
3380.65834,1.16822
3378.72985,1.16715
3376.80135,1.16613
3374.87285,1.16513
3372.94435,1.16392
3371.01585,1.1623
3369.08735,1.1606
3367.15885,1.15931
3365.23035,1.15869
3363.30186,1.15825
3361.37336,1.15742
3359.44486,1.15649
3357.51636,1.15575
3355.58786,1.15483
3353.65936,1.15324
3351.73086,1.15126
3349.80236,1.14986
3347.87386,1.14919
3345.94537,1.14822
3344.01687,1.14687
3342.08837,1.14566
3340.15987,1.14435
3338.23137,1.14313
3336.30287,1.14246
3334.37437,1.14197
3332.44587,1.14112
3330.51738,1.13991
3328.58888,1.13825
3326.66038,1.13634
3324.73188,1.13497
3322.80338,1.13427
3320.87488,1.13374
3318.94638,1.13297
3317.01788,1.13182
3315.08939,1.1303
3313.16089,1.12855
3311.23239,1.12661
3309.30389,1.12445
3307.37539,1.12249
3305.44689,1.12135
3303.51839,1.12112
3301.58989,1.12111
3299.6614,1.12041
3297.7329,1.11891
3295.8044,1.1172
3293.8759,1.11575
3291.9474,1.11462
3290.0189,1.11393
3288.0904,1.11354
3286.1619,1.11288
3284.23341,1.11178
3282.30491,1.11052
3280.37641,1.10943
3278.44791,1.1084
3276.51941,1.10697
3274.59091,1.10519
3272.66241,1.10362
3270.73391,1.10268
3268.80542,1.10235
3266.87692,1.10216
3264.94842,1.10164
3263.01992,1.10088
3261.09142,1.09998
3259.16292,1.0987
3257.23442,1.09703
3255.30592,1.09562
3253.37743,1.09493
3251.44893,1.09428
3249.52043,1.09285
3247.59193,1.09093
3245.66343,1.08941
3243.73493,1.08839
3241.80643,1.08721
3239.87793,1.08576
3237.94944,1.08409
3236.02094,1.08188
3234.09244,1.07941
3232.16394,1.07756
3230.23544,1.07634
3228.30694,1.07493
3226.37844,1.07299
3224.44994,1.07083
3222.52144,1.06869
3220.59295,1.0664
3218.66445,1.06399
3216.73595,1.0617
3214.80745,1.05941
3212.87895,1.05702
3210.95045,1.05459
3209.02195,1.0521
3207.09345,1.04953
3205.16496,1.04694
3203.23646,1.04426
3201.30796,1.04151
3199.37946,1.03876
3197.45096,1.03595
3195.52246,1.03304
3193.59396,1.03003
3191.66546,1.02693
3189.73697,1.02385
3187.80847,1.02097
3185.87997,1.01814
3183.95147,1.01504
3182.02297,1.01181
3180.09447,1.00867
3178.16597,1.00556
3176.23747,1.00241
3174.30898,0.99924
3172.38048,0.9961
3170.45198,0.99295
3168.52348,0.98971
3166.59498,0.98643
3164.66648,0.98322
3162.73798,0.9801
3160.80948,0.97692
3158.88099,0.97356
3156.95249,0.96995
3155.02399,0.96599
3153.09549,0.96205
3151.16699,0.95884
3149.23849,0.95632
3147.30999,0.9537
3145.38149,0.95066
3143.453,0.94721
3141.5245,0.94328
3139.596,0.9394
3137.6675,0.93631
3135.739,0.93382
3133.8105,0.93108
3131.882,0.92772
3129.9535,0.92418
3128.02501,0.921
3126.09651,0.91805
3124.16801,0.91471
3122.23951,0.91076
3120.31101,0.9067
3118.38251,0.90306
3116.45401,0.89999
3114.52551,0.89742
3112.59702,0.89501
3110.66852,0.8921
3108.74002,0.88895
3106.81152,0.88623
3104.88302,0.88365
3102.95452,0.88055
3101.02602,0.87706
3099.09752,0.87395
3097.16902,0.87138
3095.24053,0.86869
3093.31203,0.86549
3091.38353,0.86204
3089.45503,0.85885
3087.52653,0.8559
3085.59803,0.85282
3083.66953,0.84975
3081.74103,0.84687
3079.81254,0.84409
3077.88404,0.84168
3075.95554,0.83981
3074.02704,0.83797
3072.09854,0.83557
3070.17004,0.83258
3068.24154,0.82947
3066.31304,0.82685
3064.38455,0.82476
3062.45605,0.82271
3060.52755,0.82038
3058.59905,0.8177
3056.67055,0.81488
3054.74205,0.81225
3052.81355,0.80967
3050.88505,0.80708
3048.95656,0.80467
3047.02806,0.80216
3045.09956,0.79933
3043.17106,0.79661
3041.24256,0.79451
3039.31406,0.79297
3037.38556,0.79135
3035.45706,0.78937
3033.52857,0.78777
3031.60007,0.78689
3029.67157,0.78623
3027.74307,0.78515
3025.81457,0.78333
3023.88607,0.78111
3021.95757,0.77869
3020.02907,0.77575
3018.10058,0.77234
3016.17208,0.76882
3014.24358,0.76552
3012.31508,0.76272
3010.38658,0.76051
3008.45808,0.75857
3006.52958,0.75639
3004.60108,0.75389
3002.67259,0.75137
3000.74409,0.74883
2998.81559,0.74616
2996.88709,0.74358
2994.95859,0.74113
2993.03009,0.73864
2991.10159,0.73634
2989.17309,0.73425
2987.24459,0.73195
2985.3161,0.7293
2983.3876,0.72628
2981.4591,0.72308
2979.5306,0.7202
2977.6021,0.71772
2975.6736,0.71527
2973.7451,0.71286
2971.8166,0.7106
2969.88811,0.70827
2967.95961,0.70575
2966.03111,0.70315
2964.10261,0.70054
2962.17411,0.69817
2960.24561,0.69617
2958.31711,0.69432
2956.38861,0.6923
2954.46012,0.68996
2952.53162,0.68762
2950.60312,0.68552
2948.67462,0.68328
2946.74612,0.68079
2944.81762,0.67858
2942.88912,0.67698
2940.96062,0.67568
2939.03213,0.67421
2937.10363,0.67247
2935.17513,0.67059
2933.24663,0.66852
2931.31813,0.66626
2929.38963,0.66423
2927.46113,0.66269
2925.53263,0.66123
2923.60414,0.65951
2921.67564,0.65753
2919.74714,0.65531
2917.81864,0.65303
2915.89014,0.65101
2913.96164,0.64958
2912.03314,0.64888
2910.10464,0.64866
2908.17615,0.64842
2906.24765,0.64785
2904.31915,0.64696
2902.39065,0.64588
2900.46215,0.64454
2898.53365,0.64272
2896.60515,0.64059
2894.67665,0.6386
2892.74816,0.63678
2890.81966,0.63488
2888.89116,0.63286
2886.96266,0.63076
2885.03416,0.62857
2883.10566,0.62631
2881.17716,0.62401
2879.24866,0.62169
2877.32017,0.61924
2875.39167,0.61651
2873.46317,0.6139
2871.53467,0.61189
2869.60617,0.61014
2867.67767,0.60806
2865.74917,0.60565
2863.82067,0.60307
2861.89217,0.60034
2859.96368,0.59765
2858.03518,0.5953
2856.10668,0.59321
2854.17818,0.59115
2852.24968,0.58902
2850.32118,0.58671
2848.39268,0.58435
2846.46418,0.58228
2844.53569,0.58045
2842.60719,0.57847
2840.67869,0.57621
2838.75019,0.57411
2836.82169,0.57256
2834.89319,0.57136
2832.96469,0.57014
2831.03619,0.56885
2829.1077,0.56749
2827.1792,0.56606
2825.2507,0.56459
2823.3222,0.5631
2821.3937,0.56163
2819.4652,0.56015
2817.5367,0.55859
2815.6082,0.55684
2813.67971,0.55485
2811.75121,0.55272
2809.82271,0.55072
2807.89421,0.54898
2805.96571,0.54731
2804.03721,0.54554
2802.10871,0.54365
2800.18021,0.54163
2798.25172,0.53967
2796.32322,0.53798
2794.39472,0.5364
2792.46622,0.53466
2790.53772,0.53288
2788.60922,0.53133
2786.68072,0.53
2784.75222,0.52863
2782.82373,0.52712
2780.89523,0.52557
2778.96673,0.524
2777.03823,0.52229
2775.10973,0.52059
2773.18123,0.51917
2771.25273,0.51794
2769.32423,0.51664
2767.39574,0.51527
2765.46724,0.51393
2763.53874,0.51259
2761.61024,0.51122
2759.68174,0.50985
2757.75324,0.50853
2755.82474,0.50726
2753.89624,0.50598
2751.96774,0.50461
2750.03925,0.50318
2748.11075,0.50192
2746.18225,0.5009
2744.25375,0.49998
2742.32525,0.49899
2740.39675,0.49789
2738.46825,0.49673
2736.53975,0.49562
2734.61126,0.49463
2732.68276,0.49369
2730.75426,0.49268
2728.82576,0.49154
2726.89726,0.49037
2724.96876,0.48938
2723.04026,0.48857
2721.11176,0.48782
2719.18327,0.48708
2717.25477,0.48629
2715.32627,0.48545
2713.39777,0.48462
2711.46927,0.48381
2709.54077,0.48301
2707.61227,0.48224
2705.68377,0.48143
2703.75528,0.48057
2701.82678,0.47972
2699.89828,0.47886
2697.96978,0.47802
2696.04128,0.4772
2694.11278,0.47641
2692.18428,0.4756
2690.25578,0.47476
2688.32729,0.47391
2686.39879,0.47314
2684.47029,0.47238
2682.54179,0.47156
2680.61329,0.47074
2678.68479,0.47008
2676.75629,0.46962
2674.82779,0.46931
2672.8993,0.46908
2670.9708,0.4689
2669.0423,0.46876
2667.1138,0.46871
2665.1853,0.46879
2663.2568,0.46895
2661.3283,0.46919
2659.3998,0.46951
2657.47131,0.46992
2655.54281,0.47038
2653.61431,0.47089
2651.68581,0.47148
2649.75731,0.47213
2647.82881,0.47286
2645.90031,0.47368
2643.97181,0.47467
2642.04332,0.47581
2640.11482,0.4771
2638.18632,0.47848
2636.25782,0.47988
2634.32932,0.48125
2632.40082,0.48254
2630.47232,0.48355
2628.54382,0.48389
2626.61532,0.48324
2624.68683,0.48162
2622.75833,0.47937
2620.82983,0.47688
2618.90133,0.47441
2616.97283,0.47212
2615.04433,0.4701
2613.11583,0.46835
2611.18733,0.46685
2609.25884,0.4656
2607.33034,0.46462
2605.40184,0.46395
2603.47334,0.4637
2601.54484,0.46406
2599.61634,0.46517
2597.68784,0.46699
2595.75934,0.46934
2593.83085,0.4719
2591.90235,0.47433
2589.97385,0.47636
2588.04535,0.4779
2586.11685,0.47904
2584.18835,0.47992
2582.25985,0.48068
2580.33135,0.48137
2578.40286,0.48198
2576.47436,0.48241
2574.54586,0.48263
2572.61736,0.48266
2570.68886,0.48273
2568.76036,0.48318
2566.83186,0.48433
2564.90336,0.48625
2562.97487,0.4889
2561.04637,0.49208
2559.11787,0.49553
2557.18937,0.49896
2555.26087,0.50208
2553.33237,0.5046
2551.40387,0.50644
2549.47537,0.5078
2547.54688,0.50895
2545.61838,0.5101
2543.68988,0.51133
2541.76138,0.5127
2539.83288,0.51415
2537.90438,0.51564
2535.97588,0.51706
2534.04738,0.51831
2532.11889,0.51939
2530.19039,0.52035
2528.26189,0.52125
2526.33339,0.52202
2524.40489,0.52232
2522.47639,0.52172
2520.54789,0.51972
2518.61939,0.51595
2516.6909,0.51047
2514.7624,0.50394
2512.8339,0.49735
2510.9054,0.49147
2508.9769,0.48656
2507.0484,0.4825
2505.1199,0.47903
2503.1914,0.47596
2501.2629,0.47319
2499.33441,0.47063
2497.40591,0.46821
2495.47741,0.46599
2493.54891,0.46404
2491.62041,0.46235
2489.69191,0.46094
2487.76341,0.45975
2485.83491,0.45873
2483.90642,0.45787
2481.97792,0.45719
2480.04942,0.45665
2478.12092,0.45619
2476.19242,0.45583
2474.26392,0.45557
2472.33542,0.45538
2470.40692,0.45524
2468.47843,0.45518
2466.54993,0.45524
2464.62143,0.45538
2462.69293,0.45555
2460.76443,0.45574
2458.83593,0.45597
2456.90743,0.45627
2454.97893,0.45661
2453.05044,0.457
2451.12194,0.45742
2449.19344,0.45789
2447.26494,0.45839
2445.33644,0.45891
2443.40794,0.45944
2441.47944,0.45998
2439.55094,0.46058
2437.62245,0.46124
2435.69395,0.46192
2433.76545,0.46257
2431.83695,0.4632
2429.90845,0.46384
2427.97995,0.46455
2426.05145,0.46531
2424.12295,0.46608
2422.19446,0.46682
2420.26596,0.46757
2418.33746,0.46834
2416.40896,0.46912
2414.48046,0.4699
2412.55196,0.47069
2410.62346,0.47151
2408.69496,0.47231
2406.76647,0.47307
2404.83797,0.4738
2402.90947,0.47454
2400.98097,0.47531
2399.05247,0.47614
2397.12397,0.47703
2395.19547,0.47792
2393.26697,0.47881
2391.33847,0.47973
2389.40998,0.48067
2387.48148,0.48156
2385.55298,0.48238
2383.62448,0.48312
2381.69598,0.48371
2379.76748,0.48413
2377.83898,0.48438
2375.91048,0.48445
2373.98199,0.48431
2372.05349,0.48383
2370.12499,0.48295
2368.19649,0.48176
2366.26799,0.48045
2364.33949,0.47945
2362.41099,0.47925
2360.48249,0.47986
2358.554,0.48148
2356.6255,0.4847
2354.697,0.48906
2352.7685,0.4936
2350.84,0.49727
2348.9115,0.49935
2346.983,0.50007
2345.0545,0.5
2343.12601,0.49999
2341.19751,0.50054
2339.26901,0.50147
2337.34051,0.50255
2335.41201,0.50365
2333.48351,0.50464
2331.55501,0.50556
2329.62651,0.50678
2327.69802,0.50827
2325.76952,0.50972
2323.84102,0.51116
2321.91252,0.51281
2319.98402,0.5146
2318.05552,0.5163
2316.12702,0.51777
2314.19852,0.51909
2312.27003,0.52039
2310.34153,0.52181
2308.41303,0.52329
2306.48453,0.52476
2304.55603,0.52611
2302.62753,0.52741
2300.69903,0.52872
2298.77053,0.5301
2296.84204,0.53154
2294.91354,0.53306
2292.98504,0.53469
2291.05654,0.53636
2289.12804,0.53803
2287.19954,0.53972
2285.27104,0.54145
2283.34254,0.54321
2281.41405,0.54495
2279.48555,0.54671
2277.55705,0.54852
2275.62855,0.55034
2273.70005,0.55213
2271.77155,0.5539
2269.84305,0.55569
2267.91455,0.55749
2265.98605,0.55928
2264.05756,0.56107
2262.12906,0.56286
2260.20056,0.56464
2258.27206,0.56639
2256.34356,0.56805
2254.41506,0.56963
2252.48656,0.57117
2250.55806,0.57274
2248.62957,0.57433
2246.70107,0.57596
2244.77257,0.57761
2242.84407,0.5792
2240.91557,0.58064
2238.98707,0.58187
2237.05857,0.5829
2235.13007,0.58375
2233.20158,0.58446
2231.27308,0.58511
2229.34458,0.58574
2227.41608,0.58633
2225.48758,0.58686
2223.55908,0.58732
2221.63058,0.58763
2219.70208,0.58777
2217.77359,0.58779
2215.84509,0.58777
2213.91659,0.58777
2211.98809,0.58783
2210.05959,0.588
2208.13109,0.58828
2206.20259,0.58865
2204.27409,0.58908
2202.3456,0.58959
2200.4171,0.59015
2198.4886,0.59075
2196.5601,0.59141
2194.6316,0.59212
2192.7031,0.59289
2190.7746,0.59371
2188.8461,0.59458
2186.91761,0.59548
2184.98911,0.59644
2183.06061,0.59747
2181.13211,0.59854
2179.20361,0.59968
2177.27511,0.60092
2175.34661,0.60225
2173.41811,0.60362
2171.48962,0.60497
2169.56112,0.60634
2167.63262,0.60774
2165.70412,0.60916
2163.77562,0.61061
2161.84712,0.6121
2159.91862,0.61365
2157.99012,0.61525
2156.06163,0.61691
2154.13313,0.61857
2152.20463,0.62022
2150.27613,0.6218
2148.34763,0.62335
2146.41913,0.62488
2144.49063,0.62642
2142.56213,0.62795
2140.63363,0.62945
2138.70514,0.63085
2136.77664,0.63203
2134.84814,0.6329
2132.91964,0.6334
2130.99114,0.63358
2129.06264,0.63358
2127.13414,0.63362
2125.20564,0.63385
2123.27715,0.63428
2121.34865,0.63487
2119.42015,0.63562
2117.49165,0.63652
2115.56315,0.63749
2113.63465,0.63847
2111.70615,0.63941
2109.77765,0.64032
2107.84916,0.6412
2105.92066,0.64204
2103.99216,0.64286
2102.06366,0.64371
2100.13516,0.64459
2098.20666,0.64554
2096.27816,0.64656
2094.34966,0.64759
2092.42117,0.64865
2090.49267,0.64973
2088.56417,0.65082
2086.63567,0.65193
2084.70717,0.65309
2082.77867,0.6543
2080.85017,0.65553
2078.92167,0.65679
2076.99318,0.65812
2075.06468,0.65955
2073.13618,0.66103
2071.20768,0.66259
2069.27918,0.66425
2067.35068,0.66603
2065.42218,0.66793
2063.49368,0.66998
2061.56519,0.67224
2059.63669,0.67471
2057.70819,0.67736
2055.77969,0.68021
2053.85119,0.68336
2051.92269,0.68689
2049.99419,0.69089
2048.06569,0.69546
2046.1372,0.70071
2044.2087,0.70673
2042.2802,0.71356
2040.3517,0.72107
2038.4232,0.72887
2036.4947,0.73657
2034.5662,0.74384
2032.6377,0.75036
2030.7092,0.7559
2028.78071,0.7604
2026.85221,0.76407
2024.92371,0.7673
2022.99521,0.7706
2021.06671,0.77433
2019.13821,0.7788
2017.20971,0.7844
2015.28121,0.79124
2013.35272,0.79897
2011.42422,0.80715
2009.49572,0.81518
2007.56722,0.82243
2005.63872,0.82859
2003.71022,0.83366
2001.78172,0.83783
1999.85322,0.84131
1997.92473,0.8442
1995.99623,0.84638
1994.06773,0.84785
1992.13923,0.84877
1990.21073,0.84936
1988.28223,0.84986
1986.35373,0.85051
1984.42523,0.85142
1982.49674,0.85255
1980.56824,0.8538
1978.63974,0.85505
1976.71124,0.85618
1974.78274,0.85695
1972.85424,0.85712
1970.92574,0.85662
1968.99724,0.85549
1967.06875,0.85391
1965.14025,0.85225
1963.21175,0.85086
1961.28325,0.84998
1959.35475,0.84978
1957.42625,0.85034
1955.49775,0.85162
1953.56925,0.85342
1951.64076,0.85547
1949.71226,0.85748
1947.78376,0.85921
1945.85526,0.86055
1943.92676,0.86162
1941.99826,0.86267
1940.06976,0.86375
1938.14126,0.8648
1936.21277,0.86583
1934.28427,0.86687
1932.35577,0.86795
1930.42727,0.86909
1928.49877,0.87035
1926.57027,0.87179
1924.64177,0.87366
1922.71327,0.87644
1920.78478,0.88028
1918.85628,0.8855
1916.92778,0.89253
1914.99928,0.90083
1913.07078,0.91006
1911.14228,0.92045
1909.21378,0.93195
1907.28528,0.94395
1905.35678,0.95568
1903.42829,0.967
1901.49979,0.97799
1899.57129,0.98854
1897.64279,0.99861
1895.71429,1.00849
1893.78579,1.01792
1891.85729,1.02632
1889.92879,1.03408
1888.0003,1.04128
1886.0718,1.04751
1884.1433,1.05304
1882.2148,1.05813
1880.2863,1.06273
1878.3578,1.06695
1876.4293,1.07095
1874.5008,1.07456
1872.57231,1.07748
1870.64381,1.07939
1868.71531,1.08002
1866.78681,1.079
1864.85831,1.07618
1862.92981,1.07142
1861.00131,1.06451
1859.07281,1.05563
1857.14432,1.04535
1855.21582,1.03443
1853.28732,1.02358
1851.35882,1.01349
1849.43032,1.00466
1847.50182,0.99736
1845.57332,0.99148
1843.64482,0.98715
1841.71633,0.98516
1839.78783,0.98507
1837.85933,0.98646
1835.93083,0.98957
1834.00233,0.99418
1832.07383,1.00004
1830.14533,1.00797
1828.21683,1.01711
1826.28834,1.0255
1824.35984,1.03333
1822.43134,1.04014
1820.50284,1.0456
1818.57434,1.0504
1816.64584,1.05492
1814.71734,1.05901
1812.78884,1.06243
1810.86035,1.06536
1808.93185,1.06799
1807.00335,1.07028
1805.07485,1.07226
1803.14635,1.07412
1801.21785,1.076
1799.28935,1.07784
1797.36085,1.07931
1795.43236,1.08017
1793.50386,1.08042
1791.57536,1.08012
1789.64686,1.07943
1787.71836,1.07832
1785.78986,1.0767
1783.86136,1.07475
1781.93286,1.07255
1780.00436,1.06998
1778.07587,1.06712
1776.14737,1.06376
1774.21887,1.05925
1772.29037,1.05339
1770.36187,1.04788
1768.43337,1.04354
1766.50487,1.03978
1764.57637,1.03675
1762.64788,1.03435
1760.71938,1.03278
1758.79088,1.03236
1756.86238,1.03282
1754.93388,1.03396
1753.00538,1.03553
1751.07688,1.03788
1749.14838,1.04142
1747.21989,1.04552
1745.29139,1.04976
1743.36289,1.05413
1741.43439,1.0588
1739.50589,1.06392
1737.57739,1.0686
1735.64889,1.07292
1733.72039,1.07927
1731.7919,1.08671
1729.8634,1.09339
1727.9349,1.10015
1726.0064,1.10692
1724.0779,1.11406
1722.1494,1.1212
1720.2209,1.12773
1718.2924,1.13562
1716.36391,1.14656
1714.43541,1.15763
1712.50691,1.16748
1710.57841,1.17709
1708.64991,1.18683
1706.72141,1.19787
1704.79291,1.20998
1702.86441,1.22061
1700.93592,1.23271
1699.00742,1.24852
1697.07892,1.26339
1695.15042,1.27944
1693.22192,1.29421
1691.29342,1.30633
1689.36492,1.31875
1687.43642,1.32964
1685.50793,1.33953
1683.57943,1.35204
1681.65093,1.36265
1679.72243,1.36968
1677.79393,1.37555
1675.86543,1.38176
1673.93693,1.3884
1672.00843,1.39447
1670.07993,1.40154
1668.15144,1.41025
1666.22294,1.41748
1664.29444,1.42396
1662.36594,1.43174
1660.43744,1.43957
1658.50894,1.44612
1656.58044,1.45123
1654.65194,1.45604
1652.72345,1.46415
1650.79495,1.4716
1648.86645,1.47589
1646.93795,1.48081
1645.00945,1.48687
1643.08095,1.49129
1641.15245,1.49429
1639.22395,1.49616
1637.29546,1.49685
1635.36696,1.49697
1633.43846,1.49722
1631.50996,1.49679
1629.58146,1.49446
1627.65296,1.49024
1625.72446,1.48492
1623.79596,1.47838
1621.86747,1.47125
1619.93897,1.4649
1618.01047,1.45731
1616.08197,1.44679
1614.15347,1.43722
1612.22497,1.42851
1610.29647,1.41836
1608.36797,1.40708
1606.43948,1.39582
1604.51098,1.38459
1602.58248,1.37282
1600.65398,1.36077
1598.72548,1.3487
1596.79698,1.33631
1594.86848,1.32329
1592.93998,1.31007
1591.01149,1.29694
1589.08299,1.28372
1587.15449,1.27046
1585.22599,1.25686
1583.29749,1.24292
1581.36899,1.2291
1579.44049,1.21618
1577.51199,1.20226
1575.5835,1.18639
1573.655,1.17497
1571.7265,1.16715
1569.798,1.15861
1567.8695,1.15072
1565.941,1.14501
1564.0125,1.14006
1562.084,1.13565
1560.15551,1.13043
1558.22701,1.12416
1556.29851,1.12209
1554.37001,1.12165
1552.44151,1.12119
1550.51301,1.12108
1548.58451,1.1216
1546.65601,1.12255
1544.72751,1.12363
1542.79902,1.12498
1540.87052,1.12789
1538.94202,1.13418
1537.01352,1.14015
1535.08502,1.14547
1533.15652,1.15235
1531.22802,1.15923
1529.29952,1.1642
1527.37103,1.16798
1525.44253,1.17066
1523.51403,1.17203
1521.58553,1.17308
1519.65703,1.17467
1517.72853,1.17661
1515.80003,1.17903
1513.87153,1.18173
1511.94304,1.18428
1510.01454,1.18629
1508.08604,1.18854
1506.15754,1.19403
1504.22904,1.2005
1502.30054,1.20546
1500.37204,1.21029
1498.44354,1.2159
1496.51505,1.22259
1494.58655,1.22882
1492.65805,1.23327
1490.72955,1.23692
1488.80105,1.24085
1486.87255,1.24472
1484.94405,1.24803
1483.01555,1.25075
1481.08706,1.25312
1479.15856,1.25511
1477.23006,1.2566
1475.30156,1.25775
1473.37306,1.25918
1471.44456,1.26165
1469.51606,1.26434
1467.58756,1.26649
1465.65907,1.26841
1463.73057,1.27066
1461.80207,1.27295
1459.87357,1.27484
1457.94507,1.27686
1456.01657,1.27987
1454.08807,1.28287
1452.15957,1.28514
1450.23108,1.28691
1448.30258,1.28871
1446.37408,1.29102
1444.44558,1.29356
1442.51708,1.29585
1440.58858,1.29771
1438.66008,1.29925
1436.73158,1.30119
1434.80308,1.30363
1432.87459,1.30563
1430.94609,1.30703
1429.01759,1.30822
1427.08909,1.30984
1425.16059,1.31323
1423.23209,1.31988
1421.30359,1.33026
1419.37509,1.34605
1417.4466,1.36467
1415.5181,1.37899
1413.5896,1.38936
1411.6611,1.39668
1409.7326,1.40023
1407.8041,1.40053
1405.8756,1.39915
1403.9471,1.39709
1402.01861,1.39446
1400.09011,1.39072
1398.16161,1.38575
1396.23311,1.38046
1394.30461,1.3752
1392.37611,1.37058
1390.44761,1.36669
1388.51911,1.36285
1386.59062,1.3592
1384.66212,1.35623
1382.73362,1.35359
1380.80512,1.3508
1378.87662,1.34805
1376.94812,1.34553
1375.01962,1.34309
1373.09112,1.34087
1371.16263,1.33913
1369.23413,1.3375
1367.30563,1.3358
1365.37713,1.33406
1363.44863,1.33179
1361.52013,1.32913
1359.59163,1.32677
1357.66313,1.32437
1355.73464,1.32168
1353.80614,1.31943
1351.87764,1.31836
1349.94914,1.31849
1348.02064,1.31946
1346.09214,1.32071
1344.16364,1.3217
1342.23514,1.3222
1340.30665,1.32219
1338.37815,1.32175
1336.44965,1.32068
1334.52115,1.31857
1332.59265,1.31546
1330.66415,1.31207
1328.73565,1.30921
1326.80715,1.30716
1324.87866,1.30594
1322.95016,1.30554
1321.02166,1.30577
1319.09316,1.30632
1317.16466,1.30691
1315.23616,1.3072
1313.30766,1.30699
1311.37916,1.3065
1309.45066,1.30608
1307.52217,1.30586
1305.59367,1.30589
1303.66517,1.30619
1301.73667,1.30667
1299.80817,1.30713
1297.87967,1.30723
1295.95117,1.30682
1294.02267,1.30623
1292.09418,1.3058
1290.16568,1.30576
1288.23718,1.30629
1286.30868,1.3072
1284.38018,1.30803
1282.45168,1.30824
1280.52318,1.30719
1278.59468,1.30441
1276.66619,1.30009
1274.73769,1.29472
1272.80919,1.28841
1270.88069,1.28115
1268.95219,1.27309
1267.02369,1.26415
1265.09519,1.25407
1263.16669,1.24282
1261.2382,1.23054
1259.3097,1.21765
1257.3812,1.20495
1255.4527,1.19298
1253.5242,1.18178
1251.5957,1.17113
1249.6672,1.16075
1247.7387,1.15016
1245.81021,1.13881
1243.88171,1.12647
1241.95321,1.11312
1240.02471,1.09878
1238.09621,1.08365
1236.16771,1.06806
1234.23921,1.05205
1232.31071,1.03554
1230.38222,1.01886
1228.45372,1.00286
1226.52522,0.98872
1224.59672,0.97746
1222.66822,0.9696
1220.73972,0.96503
1218.81122,0.96325
1216.88272,0.96386
1214.95423,0.96643
1213.02573,0.97051
1211.09723,0.97566
1209.16873,0.98145
1207.24023,0.98756
1205.31173,0.99385
1203.38323,1.0002
1201.45473,1.00649
1199.52624,1.01251
1197.59774,1.01798
1195.66924,1.02272
1193.74074,1.02676
1191.81224,1.03015
1189.88374,1.03291
1187.95524,1.03498
1186.02674,1.03633
1184.09824,1.03696
1182.16975,1.03694
1180.24125,1.03645
1178.31275,1.03572
1176.38425,1.03501
1174.45575,1.03475
1172.52725,1.03543
1170.59875,1.03767
1168.67025,1.04238
1166.74176,1.0508
1164.81326,1.06398
1162.88476,1.08108
1160.95626,1.09692
1159.02776,1.10269
1157.09926,1.09368
1155.17076,1.07506
1153.24226,1.05575
1151.31377,1.04054
1149.38527,1.0297
1147.45677,1.02194
1145.52827,1.01624
1143.59977,1.01198
1141.67127,1.00871
1139.74277,1.00606
1137.81427,1.00366
1135.88578,1.0015
1133.95728,0.99977
1132.02878,0.99856
1130.10028,0.99809
1128.17178,0.99865
1126.24328,1.00032
1124.31478,1.00317
1122.38628,1.00745
1120.45779,1.01315
1118.52929,1.01953
1116.60079,1.0254
1114.67229,1.02961
1112.74379,1.0312
1110.81529,1.02965
1108.88679,1.02541
1106.95829,1.01966
1105.0298,1.01347
1103.1013,1.00735
1101.1728,1.00133
1099.2443,0.99538
1097.3158,0.98953
1095.3873,0.98392
1093.4588,0.97859
1091.5303,0.97341
1089.60181,0.96814
1087.67331,0.96285
1085.74481,0.95767
1083.81631,0.95242
1081.88781,0.947
1079.95931,0.94156
1078.03081,0.93648
1076.10231,0.93227
1074.17381,0.92938
1072.24532,0.92834
1070.31682,0.92935
1068.38832,0.93217
1066.45982,0.93641
1064.53132,0.94141
1062.60282,0.94614
1060.67432,0.94992
1058.74582,0.95277
1056.81733,0.95518
1054.88883,0.95766
1052.96033,0.9607
1051.03183,0.96475
1049.10333,0.96996
1047.17483,0.97612
1045.24633,0.98298
1043.31783,0.99036
1041.38934,0.99814
1039.46084,1.00631
1037.53234,1.01504
1035.60384,1.02448
1033.67534,1.03464
1031.74684,1.04554
1029.81834,1.05703
1027.88984,1.06863
1025.96135,1.07963
1024.03285,1.08924
1022.10435,1.09704
1020.17585,1.10325
1018.24735,1.10818
1016.31885,1.11214
1014.39035,1.11562
1012.46185,1.11911
1010.53336,1.12296
1008.60486,1.12759
1006.67636,1.13344
1004.74786,1.14067
1002.81936,1.14898
1000.89086,1.15767
998.96236,1.16632
997.03386,1.17495
995.10537,1.18339
993.17687,1.1913
991.24837,1.1986
989.31987,1.20535
987.39137,1.21173
985.46287,1.21794
983.53437,1.22408
981.60587,1.23021
979.67738,1.23625
977.74888,1.24217
975.82038,1.24814
973.89188,1.25416
971.96338,1.26009
970.03488,1.26602
968.10638,1.27192
966.17788,1.27748
964.24939,1.28284
962.32089,1.28842
960.39239,1.29425
958.46389,1.30029
956.53539,1.30645
954.60689,1.31257
952.67839,1.31884
950.74989,1.32552
948.82139,1.33254
946.8929,1.33972
944.9644,1.34665
943.0359,1.35289
941.1074,1.35853
939.1789,1.36377
937.2504,1.36845
935.3219,1.37259
933.3934,1.37652
931.46491,1.38026
929.53641,1.38367
927.60791,1.38676
925.67941,1.38951
923.75091,1.3918
921.82241,1.39336
919.89391,1.39392
917.96541,1.39347
916.03692,1.39205
914.10842,1.38971
912.17992,1.38684
910.25142,1.38404
908.32292,1.3816
906.39442,1.37924
904.46592,1.3765
902.53742,1.37361
900.60893,1.37117
898.68043,1.36934
896.75193,1.3681
894.82343,1.36744
892.89493,1.36722
890.96643,1.36749
889.03793,1.36849
887.10943,1.37061
885.18094,1.37436
883.25244,1.37955
881.32394,1.38533
879.39544,1.39109
877.46694,1.39658
875.53844,1.40125
873.60994,1.40485
871.68144,1.40779
869.75295,1.41036
867.82445,1.41259
865.89595,1.41487
863.96745,1.41762
862.03895,1.42104
860.11045,1.42525
858.18195,1.4306
856.25345,1.43777
854.32496,1.44624
852.39646,1.45422
850.46796,1.46175
848.53946,1.47053
846.61096,1.48086
844.68246,1.49231
842.75396,1.50442
840.82546,1.51624
838.89697,1.52744
836.96847,1.53864
835.03997,1.55003
833.11147,1.56139
831.18297,1.57287
829.25447,1.58474
827.32597,1.59668
825.39747,1.60854
823.46897,1.62134
821.54048,1.63563
819.61198,1.65084
817.68348,1.66676
815.75498,1.68295
813.82648,1.69785
811.89798,1.70811
809.96948,1.70754
808.04098,1.69174
806.11249,1.66301
804.18399,1.62803
802.25549,1.59415
800.32699,1.5665
798.39849,1.54735
796.46999,1.53794
794.54149,1.53808
792.61299,1.54392
790.6845,1.54881
788.756,1.54767
786.8275,1.53892
784.899,1.5237
782.9705,1.50518
781.042,1.48758
779.1135,1.47508
777.185,1.47074
775.25651,1.47428
773.32801,1.4816
771.39951,1.48869
769.47101,1.49444
767.54251,1.49949
765.61401,1.50436
763.68551,1.50932
761.75701,1.51454
759.82852,1.51999
757.90002,1.52558
755.97152,1.53138
754.04302,1.53733
752.11452,1.54281
750.18602,1.54707
748.25752,1.55048
746.32902,1.55374
744.40053,1.55694
742.47203,1.56033
740.54353,1.5646
738.61503,1.57021
736.68653,1.57685
734.75803,1.58373
732.82953,1.5897
730.90103,1.5932
728.97254,1.59428
727.04404,1.59524
725.11554,1.59723
723.18704,1.59963
721.25854,1.60259
719.33004,1.60709
717.40154,1.61387
715.47304,1.62305
713.54454,1.6342
711.61605,1.64683
709.68755,1.66063
707.75905,1.67597
705.83055,1.6935
703.90205,1.71279
701.97355,1.73153
700.04505,1.744
698.11655,1.74126
696.18806,1.72009
694.25956,1.69091
692.33106,1.66732
690.40256,1.65381
688.47406,1.64754
686.54556,1.64451
684.61706,1.64309
682.68856,1.64368
680.76007,1.64624
678.83157,1.65002
676.90307,1.65402
674.97457,1.65707
673.04607,1.65937
671.11757,1.66193
669.18907,1.66597
667.26057,1.6717
665.33208,1.67563
663.40358,1.67843
661.47508,1.68109
659.54658,1.68272
657.61808,1.68286
655.68958,1.68246
653.76108,1.68187
651.83258,1.68092
649.90409,1.68057
647.97559,1.68177
646.04709,1.68445
644.11859,1.68845
642.19009,1.69257
640.26159,1.69571
638.33309,1.69865
636.40459,1.70083
634.4761,1.7007
632.5476,1.69984
630.6191,1.70029
628.6906,1.70055
626.7621,1.69867
624.8336,1.69553
622.9051,1.69159
620.9766,1.68513
619.04811,1.67648
617.11961,1.66791
615.19111,1.65922
613.26261,1.64836
611.33411,1.63465
609.40561,1.61904
607.47711,1.60314
605.54861,1.58819
603.62012,1.57449
601.69162,1.56193
599.76312,1.55035
